walk 1 0 36 25 35
walk 2 25 36 25 35
walk 3 50 36 25 35
walk 4 75 36 25 35
walk 5 100 36 25 35
walk 6 125 36 25 35
walk 7 150 36 25 35
walk 8 175 36 25 35
walk 9 200 36 25 35
walk 10 225 36 25 35
walk 11 0 72 25 35
walk 12 25 72 25 35
walk 13 50 72 25 35
walk 14 75 72 25 35
walk 11 0 0 25 35
walk 12 25 0 25 35
walk 13 50 0 25 35
walk 14 75 0 25 35
walk 15 100 0 25 35
walk 16 125 0 25 35
walk 17 150 0 25 35
walk 18 175 0 25 35
walk 19 200 0 25 35
walk 20 225 0 25 35
jump 1 75 0 25 35
idle 1 225 36 25 35
